      0.00000      0.00000
      0.02128      0.51487
      0.04255      1.10463
      0.06383      1.76016
      0.08511      2.47276
      0.10638      3.24597
      0.12766      4.09529
      0.14894      5.04372
      0.17021      6.11283
      0.19149      7.31890
      0.21277      8.67251
      0.23404     10.17755
      0.25532     11.82969
      0.27660     13.61620
      0.29787     15.51768
      0.31915     17.50402
      0.34043     19.52747
      0.36170     21.52554
      0.38298     23.42646
      0.40426     25.14985
      0.42553     26.60612
      0.44681     27.69388
      0.46809     28.29857
      0.48936     28.30286
      0.51064     27.62906
      0.53191     26.27696
      0.55319     24.32676
      0.57447     21.90609
      0.59574     19.13883
      0.61702     16.12965
      0.63830     12.96080
      0.65957      9.71087
      0.68085      6.46557
      0.70213      3.34515
      0.72340      0.46506
      0.74468     -2.10603
      0.76596     -4.36786
      0.78723     -6.34910
      0.80851     -8.06051
      0.82979     -9.47601
      0.85106    -10.58368
      0.87234    -11.44126
      0.89362    -12.14554
      0.91489    -12.76847
      0.93617    -13.33463
      0.95745    -13.84092
      0.97872    -14.27494
      1.00000    -14.62844
