     -8.82598     -8.02071     -0.32315
    -19.16748     -3.49859     -3.17234
    -25.26614     -3.80204      1.74153
    -33.90204     -2.67464     10.48917
    -39.26126     -3.54919     22.32397
    -42.30515     -1.75802     28.48020
    -33.70021     -2.23599     24.31374
     -9.32391      1.29466      3.75469
     29.75108      8.08937    -29.91983
     54.74294     13.77473    -48.16792
     59.74474     14.18835    -52.97439
     45.52087     10.19909    -46.84857
     25.71228      4.44020    -34.90132
      2.77127      0.42322    -24.05007
     -2.75336     -2.20915    -14.98297
      0.91505     -7.69272     -4.61468
