      2.72112      4.42809      1.74665
      2.61611      4.35459      1.75130
      2.51380      4.28018      1.77190
      2.40933      4.21896      1.81376
      2.30550      4.18001      1.87786
      2.20478      4.15460      1.95304
      2.10780      4.14057      2.03578
      2.01045      4.12537      2.11789
      1.91296      4.10975      2.19972
      1.81298      4.08631      2.27621
      1.72243      4.08650      2.36663
      1.62008      4.05199      2.43476
      1.53279      4.05687      2.52682
      1.48856      4.11585      2.63168
      1.46825      4.18899      2.73496
      1.46854      4.25887      2.84250
